 0.003225  0.000628  0.000928  0.000582  0.000296  0.001885 -0.000858 -0.001167  0.003129 -0.000829 -0.000524 -0.001166 -0.000530 -0.000472 -0.000706 -0.000714 -0.000469 -0.001094
 0.000628  0.001783  0.000686  0.000041  0.000274  0.001662 -0.000313 -0.000859  0.002068 -0.000647 -0.000361 -0.000783 -0.000476 -0.000377 -0.000515 -0.000556 -0.000460 -0.000935
 0.000928  0.000686  0.001876  0.000478  0.000396  0.001625 -0.000592 -0.000840  0.002380 -0.000591 -0.000402 -0.000862 -0.000396 -0.000338 -0.000495 -0.000417 -0.000399 -0.000546
 0.000582  0.000041  0.000478  0.002284  0.000587  0.001194 -0.000691 -0.000519  0.002220 -0.000325 -0.000243 -0.000573 -0.000027 -0.000073 -0.000329 -0.000094 -0.000076 -0.000006
 0.000296  0.000274  0.000396  0.000587  0.003000  0.001264 -0.000695 -0.000540  0.002223 -0.000323 -0.000244 -0.000578 -0.000046 -0.000051 -0.000325 -0.000032 -0.000075  0.000233
 0.001885  0.001662  0.001625  0.001194  0.001264  0.017321 -0.002198 -0.002348  0.008008 -0.001513 -0.001019 -0.002460 -0.000681 -0.000598 -0.001216 -0.000756 -0.000728 -0.000359
-0.000858 -0.000313 -0.000592 -0.000691 -0.000695 -0.002198  0.017452  0.001168 -0.004206  0.000744  0.000625  0.001404  0.000185  0.000170  0.000754 -0.000191  0.000054 -0.001984
-0.001167 -0.000859 -0.000840 -0.000519 -0.000540 -0.002348  0.001168  0.003119 -0.003818  0.000850  0.000586  0.001335  0.000467  0.000364  0.000620  0.000383  0.000345  0.000134
 0.003129  0.002068  0.002380  0.002220  0.002223  0.008008 -0.004206 -0.003818  0.027835 -0.002331 -0.001570 -0.004175 -0.000726 -0.000690 -0.001868 -0.000824 -0.000976  0.000877
-0.000829 -0.000647 -0.000591 -0.000325 -0.000323 -0.001513  0.000744  0.000850 -0.002331  0.001969  0.000433  0.000879  0.000357  0.000296  0.000509  0.000336  0.000334  0.000320
-0.000524 -0.000361 -0.000402 -0.000243 -0.000244 -0.001019  0.000625  0.000586 -0.001570  0.000433  0.001460  0.000628  0.000236  0.000175  0.000354  0.000119  0.000141 -0.000124
-0.001166 -0.000783 -0.000862 -0.000573 -0.000578 -0.002460  0.001404  0.001335 -0.004175  0.000879  0.000628  0.002225  0.000480  0.000382  0.000645  0.000312  0.000308 -0.000214
-0.000530 -0.000476 -0.000396 -0.000027 -0.000046 -0.000681  0.000185  0.000467 -0.000726  0.000357  0.000236  0.000480  0.001377  0.000269  0.000219  0.000292  0.000188  0.000550
-0.000472 -0.000377 -0.000338 -0.000073 -0.000051 -0.000598  0.000170  0.000364 -0.000690  0.000296  0.000175  0.000382  0.000269  0.000668  0.000191  0.000288  0.000187  0.000560
-0.000706 -0.000515 -0.000495 -0.000329 -0.000325 -0.001216  0.000754  0.000620 -0.001868  0.000509  0.000354  0.000645  0.000219  0.000191  0.001402  0.000230  0.000291  0.000022
-0.000714 -0.000556 -0.000417 -0.000094 -0.000032 -0.000756 -0.000191  0.000383 -0.000824  0.000336  0.000119  0.000312  0.000292  0.000288  0.000230  0.001256  0.000415  0.001509
-0.000469 -0.000460 -0.000399 -0.000076 -0.000075 -0.000728  0.000054  0.000345 -0.000976  0.000334  0.000141  0.000308  0.000188  0.000187  0.000291  0.000415  0.001306  0.000916
-0.001094 -0.000935 -0.000546 -0.000006  0.000233 -0.000359 -0.001984  0.000134  0.000877  0.000320 -0.000124 -0.000214  0.000550  0.000560  0.000022  0.001509  0.000916  0.006642
